CREATE TABLE employees1 (
    ename VARCHAR(50),
    dept_name VARCHAR(50),
    designation VARCHAR(50),
    salary INT,
    date_of_join DATE
);
INSERT INTO employees1(ename, dept_name, designation, salary, date_of_join)
VALUES
('KARAN', 'ACCOUNTING', 'DIRECTOR', 50000, '2012-11-17'),
('FARAH', 'RESEARCH', 'ANALYST', 30000, '1991-12-03'),
('SCINDIA', 'RESEARCH', 'ANALYST', 30000, '2002-12-09'),
('JOY', 'RESEARCH', 'MANAGER', 29750, '2011-04-02'),
('BHASKAR', 'SALES', 'MANAGER', 28500, '1999-05-01'),
('CHANDER', 'ACCOUNTING', 'MANAGER', 24500, '2000-06-09'),
('ANIL', 'SALES', 'SALESMAN', 16000, '1991-02-20'),
('TOMAR', 'SALES', 'SALESMAN', 15000, '2001-09-08'),
('MILIND', 'ACCOUNTING', 'CLERK', 13000, '2002-01-23'),
('SAXENA', 'SALES', 'SALESMAN', 12500, '1999-09-28'),
('TOMAR', 'SALES', 'SALESMAN', 14500, '1997-02-22'),
('ANAND', 'RESEARCH', 'CLERK', 11000, '1993-01-12'),
('GEORGE', 'SALES', 'CLERK', 9500, '1990-12-03'),
('SURESH', 'RESEARCH', 'CLERK', 8000, '1992-12-17');


select * from employees1;

(A)
SELECT ename 
FROM employees1
WHERE salary < 20000;

OUTPUT:
ANIL
TOMAR
MILIND
SAXENA
TOMAR

------------------------------------------------------------------------------------------------------------------------------------------------
(B)
SELECT *
FROM employees1
WHERE dept_name = 'SALES' AND designation = 'MANAGER';

OUTPUT:
BHASKAR	SALES	MANAGER	28500	1999-05-01
-------------------------------------------------------------------------------------------------------------------------------------------------
(C)
SELECT *
FROM employees1
WHERE ename LIKE 'S%';

OUTPUT:
SCINDIA	RESEARCH	ANALYST	30000	2002-12-09
SAXENA	SALES	   SALESMAN	12500	1999-09-28
SURESH	RESEARCH	CLERK	8000	1992-12-17
--------------------------------------------------------------------------------------------------------------------------------------------------
(D)
SELECT COUNT(*) AS total_employees
FROM employees1
WHERE dept_name = 'RESEARCH';
OUTPUT:
5
---------------------------------------------------------------------------------------------------------------------------------------------------
(E)
SELECT *
FROM employees1
WHERE date_of_join > '2010-01-01';
OUTPUT: 
KARAN	ACCOUNTING	DIRECTOR	50000	2012-11-17
JOY	    RESEARCH	MANAGER	    29750	2011-04-02
--------------------------------------------------------------------------------------------------------------------------------------------------
(F)
SELECT COUNT(*) AS employee_count
FROM employees1
WHERE salary BETWEEN 8000 AND 125000;
OUTPUT:
14
---------------------------------------------------------------------------------------------------------------------------------------------------
(G)
SELECT *
FROM employees1
ORDER BY ename;
OUTPUT:
ANAND	RESEARCH	CLERK	11000	1993-01-12
ANIL	SALES	  SALESMAN	16000	1991-02-20
BHASKAR	SALES	  MANAGER	28500	1999-05-01
CHANDER	ACCOUNTING	MANAGER	24500	2000-06-09
FARAH	RESEARCH	ANALYST	30000	1991-12-03
GEORGE	SALES	CLERK	9500	1990-12-03
JOY	RESEARCH	MANAGER	29750	2011-04-02
KARAN	ACCOUNTING	DIRECTOR	50000	2012-11-17
MILIND	ACCOUNTING	CLERK	13000	2002-01-23
SAXENA	SALES	SALESMAN	12500	1999-09-28
SCINDIA	RESEARCH	ANALYST	30000	2002-12-09
SURESH	RESEARCH	CLERK	8000	1992-12-17
TOMAR	SALES	SALESMAN	15000	2001-09-08
TOMAR	SALES	SALESMAN	14500	1997-02-22
------------------------------------------------------------------------------------------------------------------------------------------------------
(H)
SELECT *
FROM employees1
WHERE designation = 'SALESMAN' AND date_of_join > '1990-08-01';
OUTPUT:
ANIL	SALES	SALESMAN	16000	1991-02-20
TOMAR	SALES	SALESMAN	15000	2001-09-08
SAXENA	SALES	SALESMAN	12500	1999-09-28
TOMAR	SALES	SALESMAN	14500	1997-02-22
------------------------------------------------------------------------------------------------------------------------------------------------------
(I)
SELECT *
FROM employees1
WHERE designation = 'CLERK';
OUTPUT:
MILIND	ACCOUNTING	CLERK	13000	2002-01-23
ANAND	RESEARCH	CLERK	11000	1993-01-12
GEORGE	SALES   	CLERK	 9500   1990-12-03
SURESH	RESEARCH	CLERK	8000	1992-12-17
------------------------------------------------------------------------------------------------------------------------------------------------------
(J)
SELECT COUNT(*) AS salesman_count
FROM employees1
WHERE designation = 'SALESMAN' AND dept_name = 'SALES';
OUTPUT:
4
------------------------------------------------------------------------------------------------------------------------------------------------------
(K)
SELECT COUNT(*) AS total_employees
FROM employees1;
OUTPUT:
14
------------------------------------------------------------------------------------------------------------------------------------------------------
(L)
SELECT *
FROM employees1
WHERE date_of_join BETWEEN '1997-01-01' AND '2010-12-31';
OUTPUT:
SCINDIA	RESEARCH	ANALYST	30000	2002-12-09
BHASKAR	SALES	MANAGER	28500	1999-05-01
CHANDER	ACCOUNTING	MANAGER	24500	2000-06-09
TOMAR	SALES	SALESMAN	15000	2001-09-08
MILIND	ACCOUNTING	CLERK	13000	2002-01-23
SAXENA	SALES	SALESMAN	12500	1999-09-28
TOMAR	SALES	SALESMAN	14500	1997-02-22
-------------------------------------------------------------------------------------------------------------------------------------------------------
(M)
